                      id
0    1602065638322630658
1    1348113517812080640
2    1608550423576678400
3             4904815792
4    1581082597546807297
5     748558059207700480
6               30874487
7    1080192033443270658
8    1596670266020855808
9               18112363
10   1608568277760102405
11   1601894008380395525
12   1482757433290280964
13             461279024
14            2395379562
15   1580355444375261184
16             210463769
17             266349368
18   1608558769625088002
19   1601629229749338114
20   1606782647149133826
21            3112337655
22   1606153188465328128
23            2361724747
24    759080518180757504
25            2866299655
26            2826505545
27   1501727076713332737
28   1607998015406571525
29   1079391583043272704
30   1607034391657578497
31   1519233453534896128
32              30905432
33   1606478673619599360
34   1580706347548655616
35   1233781491160604680
36    822592278699110402
37   1606142299788001280
38             146205026
39             414154665
40    918916413204713474
41    702178242141224960
42    825355283971112961
43   1591829264474710017
44             264500274
45   1580516882670665728
46   1608531175051563015
47             228062415
48   1512278983643217920
49   1232977009074212864
50   1608529615508717568
51             360810532
52   1597720957774401536
53            4291990035
54   1608183439634714625
55   1057660924063084545
56   1498540765831745538
57             302454495
58    758133119602069504
59            4567725203
60   1508173357665202185
61   1352768529804775424
62   1551664384174432256
63   1499015033224896512
64            2216800527
65   1605330029533077504
66   1606586203188465665
67   1607525857223999488
68    912476163024580608
69    769496604038619136
70             485734238
71             401480223
72   1607954966022426626
73            1264838600
74             113680174
75            1494504367
76             386320915
77   1607569706948460545
78             555472441
79   1148701547745951751
80             995439060
81   1586073157902819328
82              20448738
83   1597537307850338306
84   1587579445027692547
85              74551531
86             158756707
87   1601364807399120902
88   1368100602966802435
89   1594324701517647874
90             287554357
91   1595510499998896153
92            2865685168
93   1600514317945798657
94   1603536130862972930
95   1589499431560544256
96    855453270923456515
97   1579236899922841603
98   1568090055452803073
99   1260308214651981837
100            395649454
101  1261366569063636992
102  1608459053197414401
103  1607129344089985030
104  1608160030498426885
105           1651021549
106  1608421206578941958
107           2712540779
108  1553708366089691138
109           3895416797
110  1354321568319623168
111   781753434550722560
112  1608375141041590273
113  1533929348167634944
114  1590963006954938368
115  1493709477949980683
116  1527042041217110016
117  1520544789380354048
118  1590022458924445696
119  1608182867766480898
120            385691081
121  1488627356772278273
122  1250971821861732352
123  1555607298181038083
124  1608286450256150529
125  1596984456228675584
126           4896703962
127   988896473080188930
128  1605897771730567168
129  1607735208383741952
130  1605688996092420107
131  1488900919601381376
132           2731790131
133             81235723
134  1565655557729652738
135           1170199620
136  1421977633374425090
137  1515332267799113732
138  1608257060508164099
139            887788760
140           3380865916
141  1597402134735208455
142  1171536229445226496
143             10424162
144           2392394577
145  1332073639005605888
146           3063557351
147           3415259230
148            628844324
149  1509190353978540033
150  1608203499073839105
151           4394596222
152            572786362
153  1380363393786335234
154            308886352
155           3533571738
156  1608192685772259328
157  1363754129105948673
158  1608191649993080833
159            385057784
160  1607561425593008128
161   751494476502294529
162  1129078870399967234
163  1306727645367934979
164  1608166675387482117
165  1607380340066189312
166              3738691
167  1608163613889495040
168            866501802
169             21181383
170           1201716829
171  1214846116862271488
172  1608149191825530882
173           4886406465
174  1523498490277605377
175  1608135929872658433
176  1589113484473663488
177  1608132228600500224
178  1346902096105230337
179           1715667822
180            618536860
181             54997969
182            556767019
183  1608119141264769027
184            222196391
185  1607837707853496321
186           3217617794
187  1607058931238436864
188            568481526
189  1513146492256718850
190  1251166710285185026
191           4884785233
192  1522343933992488960
193  1013395542217404417
194  1401877987541331972
195  1063818511489744896
196           3165076378
197  1608062780828950534
198  1497336278794264579
199  1315970367106752512
200             20803957
201            521150594
202   917798374862139392
203  1595886580736184320
204  1602159797238890496
205  1485946215116193795
206  1016188959234224130
207  1427407982745329674
208  1607999067849621504
209  1503693892277125120
210  1597057991659950081
211  1182446945689882626
212  1607981551366684673
213  1557076241991184387
214            988779115
215   941886159361396736
216   800470799786225664
217  1582936407353458688
218   735439672558637057
219   800862276370702336
220  1327806753409544192
221   878052504809943041
222  1054888235300601857
223  1562526500913524738
224   991769229992001536
225            246002504
226   875604713869266944
227           3118731205
228            713562625
229            134511054
230  1459900852785790977
231            114072051
232  1549931382201368578
233  1250251100235673602
234             28839812
235  1603445064881127424
236            950217805
237  1391766045656969216
238  1386205990396207111
239   963580961190567936
240             75840282
241             63712115
242  1349926705138429952
243  1265391047976325120
244   982975032182919168
245  1607933835806662658
246  1142930041405366275
247           3521169379
248            409688845
249  1389608871912779780
250             28789826
251           1869476016
252            323271577
253           1144944836
254           1061915924
255            490649086
256  1602316333810606081
257  1588680527388676096
258  1450515930400923650
259  1110889087186206720
260            389981968
261  1267857910874415104
262  1474841172682149897
263  1554015671209566210
264  1324435020392574984
265             90514723
266  1439400713256411142
267           3318088673
268  1588692453812572163
269  1606812994142355459
270   923210381539102726
271  1607889274506186752
272  1607882268864913409
273  1223734301331726336
274  1226689562971340801
275  1370775742867509250
276             56650473
277  1318271958551756802
278            519991230
279           3145361122
280           2898177737
281             94873654
282   814247323094106112
283            959506724
284           2460717006
285  1606834989294911488
286  1522151379544035328
287   718663381637603328
288  1581779570847522816
289  1462500607298875392
290            541313653
291  1566481118257446916
292           1603891478
293  1158508242315751430
294  1276743534553337856
295           1197586291
296  1605658810298863640
297  1089225967632027649
298  1599487613710106624
299  1245747457994227713
300           1552693723
301   942790751984996352
302  1534778625865969664
303           4860793126
304            324123282
305  1176891304757858305
306  1590523615191130112
307   884614580412055553
308   950749480810434560
309  1562817034354044928
310  1595787926218178564
311  1607781453001068545
312  1595407487033016321
313  1607777153428455425
314             26774407
315  1343219697811001350
316           3491202298
317             20394636
318           4114797022
319  1606899625637842944
320  1607737275697315841
321  1607731174251823104
322           1664616678
323  1251526055946596353
324  1516444464327364612
325   726772208568274945
326           2829931556
327  1063083064157450240
328             18988564
329            268889562
330  1511412158835347467
331           2906354011
332            328257137
333  1605772795954462720
334  1569764684005543936
335   927506971149860870
336  1606622747601559552
337   829496432319221764
338           3904389314
339            383090534
340           1910986980
341  1178488668782116864
342  1607398624039940096
343  1605246597130076166
344             34680008
345            275957077
346           2393117858
347  1594316993284694017
348  1603324926877900801
349            477438145
350            442560569
351  1548176493066346496
352           3325685857
353   756369023693156352
354  1576913894685147136
355  1595186123705176069
356             18887119
357  1519722783697108993
358  1316845467381182465
359             15969172
360           1025695219
361            593078273
362  1607546814076428288
363  1607530642908012545
364            367822990
365             16387628
366  1606856134065016833
367            360995630
368  1607501827502661633
369            395650435
370  1153464218605125632
371  1585663376419700739
372            141347617
373  1600574440441798657
374  1442826889194786817
375  1606788892862152705
376           1655679236
377  1537065068864622595
378           2562253710
379  1536021109551812609
380  1592189160466829313
381  1606689560922099715
382            447662905
383            975573312
384  1535271393813704704
385  1594647054038573061
386  1607438456673767424
387  1607310799915175938
388           1958338872
389  1587945697470746625
390  1461250522720059396
391  1504538732870909956
392  1297383159496093697
393             14095981
394             22590171
395  1223394725853646848
396  1505950511081701383
397  1605566410004070401
398  1344773054560415744
399  1605725299064324096
400  1607217893250596865
401  1207989232423317505
402  1376242420908703746
403  1117020691470135298
404  1600505389463834626
405           2193444789
406  1541172218574655494
407  1606999521178820614
408  1543447627211079680
409  1600055340988600328
410            297153558
411  1601278445484392448
412  1499482667594756102
413  1607270636161744897
414  1584927088531873794
415   888512618452975618
416            580690685
417  1501434045082836992
418  1602111003793031171
419  1578433222807109632
420  1519666375647764480
421           2270586884
422             41517419
423             49146550
424  1605037918371856387
425             83778489
426  1288489888870875138
427  1599912262466244610
428           3642903797
429  1522687717418708992
430             42041024
431  1392066440740556801
432  1011092690036019200
433             16997817
434           1554330968
435   935411479712432128
436  1607183448807989256
437  1605733451587624964
438  1607154612011663367
439            496794374
440  1452741296368586758
441  1498428479993491462
442            316744984
443  1449762555514208262
444  1607140678101778432
445  1607126070691610624
446  1354461837501206528
447  1447676084120473602
448            220473892
449   985614227242135552
450  1530506989263982593
451  1607107717721735169
452  1601440004101767168
453  1388740431589019649
454   810612075877793793
455  1607094746006130689
456  1269406225139208198
457             19296144
458            202315078
459            167494307
460            431721468
461            983883613
462  1590403720059457536
463  1435529879756419072
464           1645523600
465  1607033583163838465
466  1602800268546031618
467           3177482883
468  1555007656674336768
469            399767509
470  1250013059906596866
471  1460242431002447872
472             59028570
473           4882797837
474           2588563424
475            574698106
476  1552828589153964032
477  1593962414789169153
478            223509783
479  1596445453121245184
480             20265301
481  1607009534916141056
482  1588586015182258176
483  1606940285103398912
484           3921671834
485  1606138448296833024
486  1472930450100285440
487  1590172496065617920
488            477795074
489  1461215820743385090
490             62778875
491  1428056808074227723
492  1559615047777021952
493  1577558241118240769
494            147992418
495  1534052216713187328
496  1601572789420527616
497  1593730940869570561
498           2746755538
499           4476128433
500            293564872
501            271203001
502   876836113805185024
503  1252934580643954689
504  1489768096881590273
505  1441733876766806018
506  1278071227157004292
507  1606607881381433344
508  1602390331420311553
509  1606349204418433047
510  1606795104630489088
511  1369679508580753409
512           2419466634
513  1606727928322134016
514  1516873367428780036
515  1347954153595809792
516  1606827695031074817
517   900925593352536064
518  1606824826550747137
519  1599608498337484801
520            361949919
521           2801383259
522  1597407388734136324
523  1602060986579824640
524  1605274867263328270
525             97730756
526  1518237479068913666
527            276995119
528  1589658630835445761
529             98013447
530  1606008535564881922
531  1604412094056636417
532  1043791597412876289
533  1603263834982080514
534             78862213
535  1063270012176060416
536  1606753913356619784
537  1606750080979050496
538  1557119803546128393
539  1584945254502891522
540           3055643721
541           3234629119
542  1606324678905176067
543  1415422538327281665
544  1305612137335750661
545  1603932599810142208
546  1547031738697801730
547  1315971633069383682
548  1606698893491994625
549   713403600261791744
550  1481380035995049986
551            964943472
552  1431290601878741004
553  1239574570702712834
554  1601937481632546821
555   958898707944091648
556           3094832322
557  1595920258019332101
558             20449243
559  1591895000476012544
560           3192871097
561  1252492807878696962
562            277786094
563            237432071
564  1598320145771991040
565  1603771598418452480
566            885666036
567   808443559607173120
568           3230816322
569           2172600993
570           3277267933
571   847552591126872065
572  1606629964140670977
573           1284643093
574   735249543638487040
575  1387435667668541447
576  1569423424962940928
577  1605009704350105601
578  1515023176685793280
579           2209521198
580  1543580279805190151
581  1186374151688380421
582            500373117
583  1606546337209745409
584  1591256190327169026
585  1427681554281553921
586  1253438567717564416
587  1541930858256519168
588  1606524390065201154
589  1146653078113988608
590  1361777935062040584
591            367477861
592  1598148749662236672
593   829075717539237888
594  1606000646896947217
595  1291219556359266304
596  1105314512150892551
597             17033697
598  1606481028880769026
599  1594154354235146241
600  1586873499250962432
601            557902721
602           3407574245
603             20979551
604  1549884474703466496
605           4831150727
606  1355228594612662272
607   887714597766955008
608  1464899665703354379
609  1280224889719459843
610  1380320164332371970
611            226995666
612  1489696034758533124
613            112356158
614           1691504821
615   783425328878383104
616             17926764
617           1105388348
618           2330238863
619  1442131841973059591
620           2478901290
621  1187422716099514373
622             19400960
623  1408434952765587459
624           2796330903
625            255666553
626  1577860041415221250
627  1501609834420047875
628           4614831501
629   786922558549393408
630   881965657599860736
631  1338706433005682691
632  1575429352107479041
633  1598760727724331008
634            186433098
635  1605908814045515776
636  1408656127143944192
637            424737452
638             31065493
639             55006239
640  1605923260209799169
641  1528166048960233473
642  1606349921736478720
643            304290979
644  1603431205067800576
645            107234518
646  1592570800435089408
647             67641596
648             19191029
649  1009577273345892352
650  1456810888435048449
651  1597961969209937920
652  1559555942936870913
653  1606325823358672897
654  1541952091891019776
655  1595271396510138368
656              5565362
657           1212974778
658            606330562
659   853770282267488256
660  1286418998792421377
661             41587022
662            255063577
663           3425847057
664  1526196811974983682
665  1002170637560041472
666  1555733487088697344
667  1560827009647144960
668  1380151115258417152
669  1179452510626557952
670  1604799380158128129
671  1606251760313671680
672             75628504
673   940594704319700993
674   948258596537683969
675             54675798
676   976264168926953472
677             38707966
678  1586852021612732416
679   922535256875520000
680           1566361610
681  1606066144787431426
682   852165976405803008
683            296551560
684           3228139040
685  1478599079349211139
686             49034608
687  1588741235862253568
688            179854712
689           3871434976
690  1527830756441042945
691           2906502396
692  1606148763101368321
693  1578868270484008961
694  1561504863564988416
695            117620758
696  1605346207064268801
697   870514383444615169
698           2902683876
699            754088953
700            831350587
701  1568411082292617218
702  1494446463371264039
703  1573736665822203904
704  1471899674483245074
705  1602436144582590470
706  1600638445038145537
707           2804581912
708  1585356513513701396
709  1320136647099416576
710             26366137
711  1601046786654830593
712  1600184674260865026
713  1601073142708899842
714           1479261026
715  1588287767414439943
716           3010433455
717  1605654219612356609
718  1606012236857806865
719  1601428079234191360
720  1543782322415321088
721  1567531535355777024
722           3829797018
723  1567469108890836993
724            135467500
725            591335433
726  1605975141221302272
727  1585007300384808960
728  1593261627893288961
729  1604887140105850880
730             22018221
731           3611724801
732  1605912482194800641
733            601870627
734  1520257192301150209
735           3121911600
736            230815930
737             44755762
738   764524513681874944
739  1205733589716852738
740  1568260792163905543
741  1604829452319457280
742            298833681
743   823472976133648384
744  1378633223098535936
745  1549891792916697091
746            572166584
747  1509546170573590528
748  1605635319675568128
749           1022976925
750            132067178
751  1093677251822989312
752  1604348539110412294
753  1576263540494815235
754           1931722212
755  1506598555582140416
756  1605812359632769036
757  1605809684581175296
758  1374376924831641605
759  1518696616357773314
760  1605771491106226177
761           3029060380
762  1351910138303623169
763  1605787774547890180
764             17724673
765            232993211
766  1597392494932930561
767  1599455211101249536
768  1214189277564661760
769  1273399358407540737
770             36797662
771  1528930559627513856
772  1038197015270903808
773             48911731
774           3419280995
775  1605737567621709825
776  1576702849731375109
777            211959721
778   904145710265847808
779  1567982688895733761
780  1402429067253669892
781           2638062283
782           2548623512
783             23386238
784  1605698507633049602
785   980856417962921985
786  1603540752230977537
787             21492014
788             29370435
789            608212546
790  1605635017605976064
791            339654018
792  1267637021650096129
793             70548480
794  1603804096124928001
795  1548024586645622787
796            375836816
797  1605627474389368833
798  1605653995384475648
799  1126975352545398788
800  1605532109862379520
801  1580650185172074497
802            246092733
803  1605623534138556430
804  1495833574590853127
805  1599099109541122050
806  1589034560104415235
807  1418835770270420992
808            232429337
809            912606152
810            317790348
811  1483717795615367170
812  1476444942746918914
813             31413505
814  1586060108055941121
815            235151419
816           1152815130
817  1596462340278554626
818  1507881114052231168
819  1605170184611823619
820  1441190822276333582
821  1585940207559385089
822  1588527163975892992
823  1468917289118543878
824  1393955761634496516
825  1585623959399059462
826  1474606599889031168
827  1604709640725413888
828            247341108
829  1286465116901462021
830  1599590077226680330
831            180612003
832            705622436
833             94192955
834            247874473
835  1238889781762732033
836  1478159139364814849
837  1362956045585240070
838  1604481828634648580
839            282739889
840            312850760
841             30310745
842           1417151958
843            582182408
844           2896939155
845  1603885498241531911
846             30884058
847  1586837905141424128
848  1519965006120554496
849             16667452
850  1573450643595055125
851            100135557
852  1605325717822181377
853  1602361592020172801
854  1406343695314661382
855  1605307448968982528
856  1597772167256555520
857  1480645493306839053
858  1601272773938216962
859           2295656171
860           2165488267
861  1605287309771001877
862  1252204046448046080
863  1559235375893192705
864  1601018818394046467
865  1442053898135478273
866  1575988368772661254
867           1499669785
868  1521448351924903936
869  1256152157201616896
870   980419191609020416
871  1605259286753452032
872            236532119
873            141966192
874   809276024227774464
875  1571930110726479879
876            497604974
877  1400269474671046659
878  1605208756471713792
879           2658902635
880             58612788
881  1587252483000262657
882           3127585289
883  1329123040865579010
884  1027405355175829504
885            164072622
886  1588249081201283073
887  1505575167942172675
888             18713283
889           2245118279
890  1557081401836830720
891  1603290869607579648
892  1196984059039305728
893            131883298
894             26793724
895  1601988399698681857
896  1604791818331226112
897           1315254848
898  1397907749594402821
899  1502755909780623365
900  1037023090327281664
901             33957579
902  1491868788396077058
903  1599171797164883969
904            331448208
905  1586002280905687040
906           2686239398
907             18700775
908  1459030042495700993
909            318109264
910   947092225883697152
911  1465708471450419206
912  1603802510493454336
913           1582067358
914             89251950
915             21657960
916  1416172765309280259
917   700709757141651457
918             31864461
919  1556573101806198784
920             34297984
921            823262287
922  1484049008150515713
923  1604508174802984961
924  1604998860195172352
925            319248102
926   999679086149754880
927  1433670704420073484
928            195991803
929           1280817426
930            348604511
931  1597796574452654081
932  1597385246785376256
933           1205847997
934  1051984371920527361
935  1604981680577646594
936           2276628398
937  1476291510450548738
938   881342994313621505
939            167359192
940  1248381871555215360
941  1033079595770163200
942           2785681522
943             28788151
944           2692184810
945   796222589337092096
946  1597540318043332608
947            924339228
948   822527091086389248
949  1576707588602970112
950           1355255676
951  1372621949751398406
952  1445502548333379587
953  1528449160567046144
954            266365740
955  1293476661975973888
956            190487699
957  1477673053807321088
958  1343633605831000064
959           3404072981
960  1604926826500988942
961  1604920593366896641
962  1582306436071186432
963  1604476148032761856
964            208650018
965  1277351668007481344
966  1437287110508261377
967  1477426939438809088
968  1230544615859773440
969            381074486
970  1005175870087032837
971            565814974
972  1597702174431236096
973  1059157361758212097
974  1519150949801119746
975            364931207
976             54797192
977           2822769308
978  1163663197192237057
979  1604685862486573056
980  1598695435895701505
981           1267965691
982            436756022
983   704783844382253057
984            393728817
985  1390585878527975426
986           3309675020
987            262797832
988             24002444
989           3225803341
990  1455239723602092039
991           2259247096
992           1006866854
993             41655280
994            321591246
995           1166773699
996             34778154
997  1559243226086871040
998            325857559
999  1510238395603337223