                      id
0    1229161499840503809
1    1597686050503020544
2    1159805345210015744
3     809216402632495104
4    1213178927574732800
5    1608563597709348864
6    1416236129666355201
7    1502696450542772231
8    1449246619505991680
9              865208676
10            2738203180
11   1270595795616534529
12   1459088652991184898
13    740943387667226624
14   1326981765278420996
15    939026392880103424
16    815931090967949312
17   1492189387060350977
18            3308043971
19            1195335332
20   1608565978891264001
21   1598486174040875008
22    753084322077376512
23   1438322985782239235
24   1208900882722512896
25   1108567305066303488
26   1187679365934604288
27   1470746219718725635
28    972896668772216833
29   1589753312269713410
30   1270948246161154048
31   1565893020368527360
32    817732515561668609
33   1093934525162442756
34   1276301774538846209
35            4363836914
36    932399284259082240
37             137571383
38            2595445231
39            3082903425
40   1069682619191910400
41              28174455
42             423601840
43   1518746204359778305
44              42269405
45   1608542622968078344
46   1456662494483730434
47    722647283578351616
48   1459220102981816320
49    905629824227713024
50   1035581931964878848
51              49482767
52    818644710218731521
53            1893918434
54             229320657
55            2278340472
56   1359245668464943104
57   1560462154918248449
58            1909924118
59             724692432
60   1517509617038901248
61   1492934294066630663
62            3343094179
63    812523900554846209
64   1338208556844244994
65   1580557940523663360
66   1371660985732268039
67   1547231676434087945
68   1460043820180123656
69    901926237987319808
70   1443597371783499782
71   1396539174765871104
72   1608120151508934656
73   1594009108289650688
74            1226407262
75             143843853
76   1446263219882954756
77   1208600742895833088
78   1067550339786776582
79   1608553361707601920
80   1224900780886388738
81            3421283291
82            3230967271
83    900187115626954752
84   1175036222969978881
85   1577145841185394688
86   1442271833751908352
87            2328816697
88   1225854055592996864
89            1644468822
90   1348204823225782278
91            1313641160
92   1174729811689988097
93   1603615947608072192
94   1128337759729483776
95    759628781971607552
96   1324652642568724480
97   1513226483246018562
98             399704511
99   1034813436163543040
100  1322926923555680263
101  1551518829372661760
102   972262178559373314
103  1192343136896462849
104  1275756558329102338
105           3182246251
106  1239955857598799873
107           2982343353
108            215090611
109  1120136809998983168
110  1506770914867879948
111  1252101511280123904
112  1265369548678709249
113           2824919858
114           4620991401
115   854815137408090112
116           1393076966
117  1506964820331016198
118  1552239943904280576
119           2958712642
120  1027033078437306368
121           2202625532
122  1608273260818624514
123  1551333510790541312
124  1473453360879595520
125  1442127659794763789
126   915631946306347009
127  1541162047898955777
128  1251964436174290947
129  1548565102672199680
130   993685116898742272
131  1332151609485352960
132             38932883
133           3010019809
134  1339270953071747072
135  1330149127464869897
136  1444341064534536194
137             18554535
138  1331138833010753536
139  1550655391767429120
140  1235083571079020544
141  1015054443279200256
142           3127372723
143  1448824092723843072
144  1144774636879732738
145  1214489356695719941
146   950788282144690176
147  1527731709210509312
148   908868436847075328
149           2419647710
150  1602209386016948225
151  1333164311167045635
152  1591547449574936583
153            328339554
154           3351647199
155           3078763080
156           1607711059
157           3289424817
158  1239413156629352448
159  1583667229979181056
160   964759225657262080
161  1141964036805779456
162  1446696172618280961
163  1356734341305552900
164  1222263294335115265
165  1424385318476713984
166  1321050852778532864
167  1225964644315148289
168  1148327360220938241
169  1248767830381780992
170  1503564832204804097
171  1473046164526309386
172  1075766552790740992
173  1455228797742198786
174   844382598759698432
175  1115387695772196864
176  1603040971142275072
177  1528907547930808320
178  1577838982527787009
179   933829105421778944
180            437134226
181  1498684377575870470
182  1029050702457434112
183           3841196292
184   719574882275733504
185   952345981525340166
186   916363622850363392
187  1608523151725690881
188             21858353
189  1392864960380874760
190  1516943176199720961
191   738616732491751424
192  1549303715063947265
193  1510972286274310150
194           1209442531
195  1173840120266600448
196  1238692228136124416
197  1329433921457688580
198            127387338
199   940758475990331400
200  1563366856702173186
201  1071148610799177729
202   753358253480812544
203  1257513846723526657
204            200555974
205            196379380
206            342953499
207   711593189048717312
208           1626447542
209   880855587608600576
210           2910942902
211             35112890
212            334209987
213           2167537890
214   779840841250668544
215            133922087
216   723212586024603648
217  1418491088780685312
218           1367688967
219  1022885413227298817
220   963283051852771332
221           1540030015
222  1583214930504851463
223   731279949860995072
224  1210352838750228481
225            424071710
226  1479874749857775623
227           4383221659
228   904449286615814149
229  1319996863970299905
230           2355547158
231  1246729597665906693
232  1259481190475739136
233           2834497833
234   748585235323981824
235  1390335734402326529
236  1185980776917225472
237   921170837419495424
238  1317082986894954496
239  1061264705174597633
240  1028831486936592384
241             15316663
242   709307877870018560
243  1325364725157257216
244   937158230123331584
245            335489628
246  1530994874295668737
247  1041878680249806855
248  1441598174846541824
249           2472838608
250  1551597667788197889
251  1479637286790832129
252  1052445468821770240
253            351899109
254  1523353743407779840
255  1461929400354623495
256   981653728028700684
257           4200031633
258  1607315630461718529
259  1103008997001506816
260           3767043615
261  1549856722512134145
262  1594026418039554085
263  1608508410986643457
264            156845752
265  1487805539379601413
266            134142042
267           2747817384
268  1608090009344647170
269  1278783428155133953
270  1344007734165987329
271  1338008653459148800
272  1231637439976034304
273  1588186219711795203
274   715679085297405952
275            409529460
276   884548523248820225
277           3312388818
278  1201701370568548357
279  1554287419826081793
280  1320298848707723264
281  1191917847938772992
282  1476285019194736640
283  1174378515606704129
284  1213177057594601473
285  1005954714582831104
286   844197272585994241
287  1056985394116476930
288   918280597042278401
289  1591142891904069632
290  1149353257770393605
291           3008976334
292  1214341987526225920
293           2400859807
294  1151578869196967936
295  1240036693333467142
296   962332318936567810
297  1023585421039624192
298  1491037929334099968
299  1218988568053313537
300  1055167509723267080
301  1188582403427700736
302           1259814830
303             27050618
304  1302415233923731462
305           1541528066
306           1537048520
307            278495967
308           1663572708
309            235811273
310  1556764009042419712
311  1108893218731708417
312  1076942874175000576
313           2588798974
314  1466055398474096642
315            264567523
316   706900018234523648
317  1534700774025994243
318  1115742295079284736
319            340531638
320   981152515956785152
321             97529086
322  1546626714356404226
323  1211838408533766144
324           3047080130
325  1500150198856609792
326  1038828780436029440
327  1508770342302478339
328  1584943334883303424
329  1593426295270121474
330   763729071083810816
331  1556812882603646977
332  1147964951660769281
333  1000645387898769409
334  1365009915610353670
335            768975960
336  1435705411034927104
337  1191555346948489216
338   940665919776452615
339  1283708997690732544
340           3463714461
341  1148232486415192064
342            518170700
343  1398078658829590530
344             48840941
345   886792062988890112
346  1186791289716662272
347  1046232362776813568
348  1163236915018997760
349  1520265387111292934
350            700142626
351  1483303089494970368
352             38341236
353            956718397
354           1064853734
355  1608486738791436288
356   967046976247300097
357  1451957791300759552
358  1280740866869641217
359  1572890106675052544
360              1824141
361  1045776351670816768
362  1055913433281921025
363           4298430437
364            805717416
365            225543646
366  1516047785811795975
367            152000258
368            443150242
369  1104581046186651648
370  1398957112517091331
371  1540924560677244930
372           4889702018
373            993840858
374  1561025194579619840
375  1508922068850593797
376  1497403967566983174
377  1111913477239496704
378  1606053073922555904
379  1001060703350947840
380  1569378887536201734
381             60201112
382  1267489192038277121
383  1570119560354795521
384  1445737465050894336
385  1584469417093726208
386           1892935484
387  1521610104432316416
388  1538956762677755907
389   764967181515837440
390  1433764681282244611
391  1595237710876184576
392   754077766052610049
393  1357871885824892929
394   861217493360181250
395  1591912717136277504
396            119275557
397  1272556595767947266
398  1051762632242294785
399  1581494651957104642
400  1217133047201615872
401  1484441031781216261
402  1271481516074455045
403  1513766196692549632
404  1477721645116649472
405  1271843610984697857
406           2764343326
407  1600301807678689281
408  1581198194561585152
409  1469815798453743620
410   759603540008382464
411  1425281108476841984
412  1015477899007176704
413  1447795230535819266
414  1584195550697558016
415  1501019288412381190
416  1606110278491439108
417  1382471684981022721
418  1207056611576926208
419  1325021158677213184
420           1057833462
421  1217029694622584832
422  1067853406239367168
423  1346119173592604672
424  1357421703094292481
425  1428566980504825861
426  1550059068836007936
427             28336746
428  1500372645182730240
429   820913937902354432
430  1599444676775477249
431   990820688347906049
432  1260768167925878786
433  1240006386039259138
434  1608189152129912833
435  1606192775384518656
436   887238831535079424
437   959901287167881216
438           3554723356
439  1608280345450889216
440  1399447132013318147
441  1607784648486141956
442  1533122638742274049
443  1600539393940398080
444  1064107497676595200
445  1153308337477476353
446  1439213430620180484
447  1107999948312735745
448  1417447881183797248
449  1596414913689313281
450            548125249
451  1581830550855323648
452   984577288204365824
453  1069785095962324992
454  1428609079186952193
455  1233213499620257792
456  1309515910646964224
457            940268737
458            431150300
459  1581035123595743232
460  1077762347874377729
461            131241691
462  1370023004751724544
463           2361883567
464  1512087319276257288
465  1504430158782074881
466  1608310268966195200
467  1385723355072958470
468  1522662918545891331
469   714149876880121857
470  1346986898846150656
471  1249165878136111104
472            427597698
473   974734059531325440
474  1084109033605292032
475   923616208678785024
476  1555948830125920256
477              9027912
478  1307769082888978444
479           4001997160
480           2366728117
481           4139434395
482  1204263388672647169
483  1608297062793187330
484  1218930574171213824
485  1219143566464880640
486           2858325300
487  1597983411431424000
488  1366877638938161152
489  1259305883462447105
490  1042181175383613440
491  1091843290339504128
492  1508669295894609920
493  1472137695354834947
494  1190703253467598851
495             32774817
496   793965858213068800
497  1608287650439479296
498  1593099132243128320
499            746047916
500           3228509022
501  1263825910144421890
502  1402133971920588802
503  1369529534224162820
504  1255883784672759808
505            284908488
506  1604245856122707968
507  1591127034310295558
508  1244289696123031552
509            287919592
510           2765527915
511  1526294318507429888
512  1243369821984698368
513  1032132890644107265
514            601387746
515  1332035203255201805
516           2950054481
517  1486157891459592194
518  1606750389952471041
519  1202807924504043520
520  1410315483459555328
521  1245674151752249344
522            133207264
523  1535976329614708737
524            247593619
525  1584695488250535936
526  1431362906046746624
527  1491606550854705153
528  1599804207049375744
529  1601427481508155393
530            309535402
531  1473090148699189256
532  1375979917683351554
533  1572040581316059138
534           2613003625
535  1490097908171034630
536  1171986882827173888
537  1478123963343646723
538             33324466
539            387978940
540  1563338378006839297
541  1199578943222898688
542  1567340962786967553
543           2288803958
544           2619055701
545           2956915793
546  1456247679906951174
547  1476029634848374789
548  1170519838210580481
549  1608227210216751105
550  1142869458710478848
551  1361684457615458306
552  1095116167080001536
553  1607477670723321863
554  1608215240063295489
555  1607760244456783892
556  1525243271659806723
557  1281282800696676355
558  1340534623042985985
559  1567027318089973762
560            283345502
561  1327828152224260098
562  1154015164842336256
563            573642204
564  1540725281001861125
565   819731390107385858
566  1607106770417106944
567  1417950518211538945
568  1309650639283253249
569  1306787065426841600
570  1608081388871512065
571             23891201
572  1098284886341898241
573            266571817
574  1086616686109880320
575  1608194427264339968
576            901539625
577  1398836986199175173
578  1112129896678080512
579   944416486591885312
580  1074400054654332928
581  1325540029675036672
582             20680516
583  1472810419693752322
584  1536432011488927748
585  1483622763156115456
586  1603723860922228736
587  1579185871793934336
588  1240445861374701575
589  1493056888035954689
590  1575824446186991616
591   831660803849875456
592  1449066839099723778
593  1578768714589159425
594  1198854516180783106
595  1447410616633753602
596           2875808340
597  1145809282526601217
598  1036046618246574081
599  1293016527881502720
600   723413389150539777
601  1394454650951282690
602           2667854269
603  1456178976053936131
604  1368567781621305344
605           3016035714
606  1179385786120036352
607  1533064196438605826
608  1408632585627045893
609            505022361
610  1608152948189679616
611  1608145068233211904
612  1607954972942934017
613   923641373336752132
614            345009172
615   978636025131077632
616           1963853234
617  1608140739501871106
618  1533135065781309440
619  1606365159206813698
620  1605665983204581382
621  1159297431030206464
622  1541481799120977920
623  1576198640426635265
624  1382836147764789251
625  1559133362111102976
626  1602511546441031681
627           4885396933
628  1608133728110247937
629   763371225230012417
630  1608112483406909446
631           2298490549
632           2692255557
633  1490231944151695367
634  1306598004858683397
635  1555309477024374786
636  1275305838438055937
637             50259621
638            433525745
639   741376426721607680
640  1565837215648858115
641  1595098970602496000
642           2367255293
643  1563892342829920256
644  1498792539075321862
645  1607385933170769920
646  1332211300420571136
647           4130788841
648   934635334289252352
649             63089739
650   818102335696236544
651  1329977909482668032
652            310951608
653  1607238961218428931
654           2946700420
655  1489048453300867078
656            580165915
657            365697185
658  1608095822180139010
659  1300792550903754753
660  1442144803106344969
661            393799756
662  1050743241937629184
663  1608086112828026882
664  1597874664931348480
665            410258698
666  1248841731640045568
667            167148866
668             81974865
669           1087882585
670             85707666
671   875594842834845696
672  1294602331124838400
673  1606769949527404544
674  1142931145710952448
675  1442215780406345733
676   701132847541833728
677             20138420
678  1587072711158702085
679  1504094434950004736
680  1422847781329260551
681  1467097921598468098
682  1404356447811473416
683  1243340686587543562
684           4199386769
685           4865930812
686            350195155
687  1601769774886711296
688  1350720620393345024
689  1479299853188583426
690  1448113637214744580
691  1459865263030304769
692  1381479367197483008
693  1120637423388516354
694  1608017109254012928
695  1525285393356054532
696           1606529905
697  1249429865465434113
698             85487778
699  1354181336957816832
700  1476300871826771972
701  1374454586971279368
702  1138329861850746880
703           4910285713
704             24669984
705  1608003153722773504
706  1564944992841240576
707   717400920406011904
708  1589661707701477376
709  1376672803454246913
710  1413341351119187973
711  1422060986874302466
712  1203128480075927553
713  1607969668588883968
714  1089848072186839040
715  1607936338271301633
716  1543875609515868160
717  1574192173993627652
718  1156829843750703105
719  1603262050788057089
720   761566170566631425
721  1607660433292550144
722  1206444245248331776
723  1486424236889624577
724  1607998196105760768
725            184105474
726  1078796477462392838
727  1267342496637444096
728           1331080284
729           4700462894
730            194347365
731  1394534688941817856
732   805883497894342657
733  1548572998847832066
734  1534307464010604544
735   753227924598362112
736           2524603673
737            608692668
738            380605306
739  1558510503038660608
740            496843402
741             35651643
742           2264209743
743  1103778951837683712
744           2274134023
745  1607975668591235072
746  1374863787732389898
747  1484232729415847942
748  1268309377213239302
749            194188519
750  1515500529157255170
751  1291525950732197888
752  1263492763875713024
753           2985847634
754  1479803214069338113
755              6453372
756  1154506017272737792
757   985772382454345728
758  1376006226388119553
759           2990098092
760  1462630822205399044
761  1607954717497245696
762  1347336932334968839
763  1341427877716226048
764  1084615259166519297
765  1356039525328441348
766  1354175273437163522
767           1424571182
768   774605751813672960
769             56378502
770   729282181940555776
771  1140792564511137793
772  1324447803549077504
773  1540859409433350145
774  1014743344939962374
775  1573550663895695360
776  1089005595519344640
777   770875829337198592
778  1607937536944398336
779  1521449483451908096
780             59295631
781  1477222456163467265
782  1252840365624721408
783   989884632102461440
784            465711723
785  1421855675257397249
786  1582190463578259457
787   927438789177479168
788            902425855
789  1483383582240432129
790  1607621989195448322
791  1325979854936870915
792            541831514
793  1411491355411554304
794  1422950854613782528
795  1189616098171379713
796   750757375854907392
797            928840189
798           1708373653
799           2417147852
800   861636968177954818
801  1094046597321756672
802   986013256379719687
803  1224179524251746304
804            284715748
805           1279200798
806  1000058478520602624
807   939596631321796608
808           2863827557
809  1346070474166472705
810           3089727639
811           2430638216
812            519529153
813  1475145748253605889
814  1595089090533330948
815  1598477316019077120
816             17855381
817   958880047120740353
818   736316092486819841
819  1326608699658559488
820  1333479634336407565
821  1515235048953241601
822           3193128179
823            390370734
824   819776350936436743
825           2156082895
826  1409665236735561734
827  1400782551485136899
828  1502537619250589698
829           2973949055
830           3234802183
831           4867174660
832  1567466431377186816
833   752535315722694656
834  1394266611356520451
835             99003313
836  1606760043650912257
837  1372108897817747459
838  1477070121470414849
839  1246900606998061057
840  1540884112042610689
841  1500580200635117576
842             62056124
843   983867928889065472
844  1270349433352445954
845           2952392821
846  1264700735171657728
847  1209717380273836038
848  1571955212079742978
849  1579716815936176130
850   769605911174406144
851   922302167884500993
852  1432949433352654852
853           2429925920
854   787421132668428288
855            504621167
856  1021885264560570369
857  1194399267500068867
858  1285637780048162816
859   820693280098754564
860           2514335977
861           2342275716
862  1120215438770823168
863  1043217010820345856
864  1453565450734952458
865  1591541121808670720
866  1552129036243066881
867  1317955184195031040
868           3103676814
869  1301310419093647360
870  1349147575216189441
871            717357619
872           3423451576
873            839996976
874  1254141200354938890
875  1424594182014869504
876   883020984344653824
877            361383541
878  1021905428672929792
879           1349557687
880   902648728560910339
881           2744782288
882  1556717798038142977
883           1260281234
884  1322644431388880896
885            274726209
886  1525960774979559424
887            411537355
888  1467618530820513792
889   871037626849120257
890  1204012857542823941
891  1607656121942024192
892  1066757922758242304
893            275291294
894  1513533543049224194
895             30090598
896  1546368952699420673
897  1607821964978028547
898   979653610219941888
899  1574136068328329217
900  1538003996035588097
901  1144479341042003969
902           2748196598
903  1596508563521896450
904   852457225448636418
905   922802417573421056
906           1970224560
907  1345734048811945989
908   701038785019121665
909           1681539134
910   764717426672107520
911  1454864010277445642
912  1142503804526632961
913  1522616704802590720
914           4530482241
915  1379434223778426889
916  1475532784412286982
917           1399720982
918             42928705
919            120861356
920           3298902506
921  1607798650133954560
922  1602993238142779392
923  1269622673837043712
924  1541155208209879043
925  1240331258569330689
926  1554489966566203392
927  1517162493856346112
928  1442544754571366402
929  1203544908604162048
930            118043319
931   949819477423730690
932           1634211978
933  1437885897123500037
934           3274868342
935  1481381624415666179
936  1074091442899890176
937            198966808
938   851631521383432192
939  1472078167795924992
940  1501979490095972365
941  1484271687096930306
942             48601419
943  1573020282687672320
944            940080913
945  1226214307077115904
946  1135732994994573312
947             56296211
948  1194352462804791296
949           1887519458
950   701435963273306112
951  1447937832715264021
952  1285707722097229830
953           4674170814
954  1595461407360753672
955  1410551767419523072
956  1319032391701307397
957            136443673
958  1138173024539201536
959            624329914
960            102254013
961   702257917408452608
962  1403073589427982347
963  1297361417197289473
964             19359616
965             39358269
966  1261492660742864896
967             64698671
968  1482075966516178945
969            426566933
970             70521291
971  1199864428570828805
972  1601350363248054274
973            261490490
974             20465973
975           2784248006
976   816798179626799104
977  1572000404753338369
978  1066932697262641152
979  1510648853158105088
980  1344012182380367872
981  1429603645478162439
982  1600477091853574144
983  1368185244529160193
984            919861873
985   814202045112733696
986  1278589642598764547
987  1596993509759778817
988            212227152
989            150945513
990  1516787297730973698
991  1454175338334810113
992  1212416546921840640
993           3718488015
994  1602872522881507329
995            704437772
996  1341218740835405824
997            700267154
998           2590751575
999   761551398542647296